010001010000
010110100100
010001000010
000010001100
001010100001
001100010000
000000000010
000100001000
100000001000
001001010000
010000101110
000100000100
000100110100
000000000100
000001000100
110010000000
000100001010
000000000000
000001010000
011001000000
001001011010
010101000010
011110001010
010010000000
110000011010
001010001000
001001000010
010000000011
000011000000
000001000000
000001100000
011011111010
000001010000
000111000010
100000000000
101000000000
000001000001
000010000110
011100000000
101110000010
010010000000
011001000000
100001000000
001001101000
000000000001
101100000000
000100101111
101100100100
111001011000
100000100000